36 23 37 39 19 40 82 92 
17 40 49 
24 28 42 21 78 
59 16 17 11 12 40 
31 13 48 
41 25 27 11 13 14 23 
51 55 66 33 71 91 16 
19 15 10 39 51 
22 17 41 47 
14 18 22 23 55 64 
31 33 34 15 24 44 90 
86 49 51 14 12 15 30 
23 28 12 31 53 56 
64 41 27 93 
49 27 18 
68 70 35 38 28 45 
60 37 36 46 26 27 22 
55 35 11 34 89 
29 31 38 18 12 10 20 
40 44 13 17 
25 27 13 45 46 60 
13 20 24 27 28 37 64 80 
33 32 67 77 89 90 
15 11 13 64 73 82 
36 40 52 17 32 10 15 16 
47 38 55 
44 54 20 12 16 66 83 
23 20 15 26 30 12 83 
19 21 26 28 31 12 
81 12 23 31 
19 36 17 10 13 51 69 92 
14 35 49 10 55 88 96 
34 40 27 30 14 45 90 
88 74 51 52 48 50 
70 83 17 32 40 
53 37 20 24 25 12 34 97 
65 15 30 98 
26 17 16 20 53 54 66 
11 13 10 22 36 78 
30 19 13 37 83 
22 24 75 83 16 
81 61 20 13 15 39 
43 44 13 10 18 84 
32 22 62 74 
77 87 14 23 
67 68 37 45 27 
57 47 38 92 
21 22 28 40 54 
45 28 27 13 15 26 
41 65 80 
78 34 36 47 58 99 
30 37 29 14 39 44 51 67 
65 58 31 28 27 11 13 18 83 
68 33 17 15 27 53 
25 12 17 
65 58 54 27 20 28 46 93 
12 37 46 
20 25 19 66 
62 39 51 15 55 
38 30 29 31 55 
36 41 51 
19 27 28 18 63 14 12 74 
45 52 21 42 63 
27 21 28 46 14 67 
16 40 67 73 13 
19 27 29 30 43 46 
34 49 17 71 
45 59 33 90 
40 62 13 71 
37 61 73 96 
14 13 35 55 63 
31 29 20 15 35 62 
73 40 20 23 24 
76 28 27 24 31 
58 52 19 23 13 16 
77 19 37 47 
56 51 32 33 20 31 
66 77 49 25 18 19 10 22 
56 41 36 20 22 26 27 
16 14 29 89 
49 51 29 25 30 18 
19 22 12 17 67 74 
41 12 11 18 52 87 
77 10 35 42 60 
50 26 18 
48 10 13 22 
30 18 20 21 10 24 
50 52 38 90 
41 36 11 15 24 
33 26 11 25 
21 32 35 43 53 60 12 14 17 
17 38 43 14 15 
58 82 22 19 
27 48 14 10 22 
52 29 81 
34 51 30 31 29 26 56 
38 34 16 20 23 
42 44 53 57 96 
71 74 21 45 62 
36 30 27 12 10 15 24 
