92(82(40(19(- 39(37(23(- 36) -) -)) 42(- 63(- 69(66 76(70 -))))) 84) 97)
49(40(17 -) 96(78 -))
78(21(- 42(28(24 -) 47(46 59))) 83(- 86(84 91(- 92))))
40(12(11 24(17(16 -) 30(- 38))) 75(49(41 61(53(- 59) 65(- 73))) 94(79(76 -) -)))
48(13(- 31) 62(51 64(- 79(- 86))))
23(14(13(11 -) 15) 76(72(64(27(25 47(41 -)) 65(- 67)) 75) 80))
16(- 96(91(71(33(- 66(55(51 65) -)) 75(- 89)) 94) -))
51(39(10(- 15(- 19(- 27))) 44(- 46)) 72(- 91(77 -)))
47(41(17(- 22) 43) 80)
64(55(23(22(18(14 20) -) 45(28 48(- 52))) 62(58 -)) 96(82(67(- 81) 89) 98))
90(44(24(15 35(34(33(31 -) -) 37(- 41))) 50(- 77(55(- 72) 89))) 98(94 -))
30(15(12(- 14) 18(- 28)) 60(55(31(- 51(49 -)) -) 72(68 76(- 98(87(86 94) -)))))
56(53(31(12(- 28(23 -)) 36(- 49)) 55) 71(68 93(76 98)))
93(27(- 44(41 74(64 -))) -)
18(- 34(27 59(49 97)))
45(28(- 38(35 -)) 49(48 94(65(- 83(70(68 80) -)) -)))
22(- 88(27(26 52(46(36(- 37) 50(48 -)) 69(58(- 62(60 -)) 73(72 78)))) -))
89(34(11 57(35(- 55) 88(63(- 84) -))) -)
20(10(- 12(- 18)) 91(84(45(38(31(29 -) 42) 79(67 -)) -) 94(93 96)))
17(13 75(44(40 58) 94(80 -)))
60(46(45(13(- 27(25 -)) -) 58(47(- 54) -)) 74(- 75(- 90(89(80 -) 99))))
80(64(37(28(27(24(20(13 -) -) -) 32) 60) 76(74 -)) 85)
90(89(77(67(32(- 40(33 -)) -) 85) -) 98)
82(73(64(13(11 46(15 -)) 72(71 -)) 76) 83)
16(15(10 -) 92(72(32(17 62(52(40(36 -) 59(56 -)) -)) 88(75(74 -) -)) 96))
55(38(- 47) 95(75 -))
83(66(16(12 62(20(- 54(44 -)) -)) 80(75(67(- 68) -) -)) 87(84 90))
83(12(- 30(26(15(- 20(- 23)) -) 78(68(53(36 65) 72(69 -)) 81(79 -)))) 84(- 91(- 99)))
12(- 64(31(28(26(21(19 25) -) -) 61(42(41(37(- 39) -) 50) -)) 71(66(65 68) -)))
31(23(12 -) 69(37 91(81 95)))
92(69(51(13(10 42(17(- 36(19 -)) 45)) 57) 76(- 90(78(- 87) -))) -)
96(88(55(10(- 49(35(14 -) 53)) 80(63(- 79(71 -)) 85)) -) -)
90(45(14(- 30(27 31(- 41(40(34 -) -)))) -) 93(- 99(94 -)))
50(48 64(52(51 -) 99(75(74 90(88 -)) -)))
40(32(17 -) 67(- 95(83(70 -) -)))
97(34(12(- 25(24(20 -) 26)) 36(- 79(61(51(37 54(53 -)) 72) 90(82(80 -) 91)))) -)
98(30(15 70(65 85)) -)
66(54(53(20(16(- 17) 21(- 38(26 -))) -) 60) 93(87(70 90) 96(94 98)))
78(36(22(10(- 13(11 -)) 28(23 -)) 44(- 63(61 71))) -)
83(37(13(- 19(- 30)) 60(43(- 59) 70)) -)
16(- 90(83(75(24(22 46) 81(78 -)) 84) 95(92 -)))
39(15(13 16(- 20)) 77(58(54 71(61 -)) 79(- 92(91(81 -) -))))
84(18(10(- 13) 77(52(44(43 -) 63(61 71)) -)) -)
74(62(22(- 32) 73) 77)
23(14 68(- 90(87(77 -) 91)))
27(- 58(45(37 54) 60(- 73(68(67 -) 92(74 -)))))
92(38(- 47(- 89(57 -))) 97)
54(40(28(22(21 23(- 27)) -) 49(- 51)) 66(58 86))
26(15(13 -) 71(39(27(- 28) 42(- 51(45 -))) 93(- 99)))
80(65(41 73) 85)
99(58(47(36(34 -) 57) 94(74(- 92(78 -)) 98(96 -))) -)
67(51(44(39(14(- 29(- 37(30(- 32) -))) -) 45) 58(- 61(- 62))) 98(93(84(- 86(- 92)) 96) -))
83(18(13(11 17) 37(22(- 27(- 28(- 31))) 44(- 53(- 81(72(58(- 65) 79) -))))) -)
53(27(15(- 17) 46(35(33 36) 50)) 60(59(56 -) 88(65(- 70(68 82)) 95(- 96))))
17(12 30(25 80))
93(46(28(20(- 27) 40(38 -)) 52(- 72(53(- 54(- 58(- 65))) 84(74(- 79(- 83)) -)))) 96)
46(37(12 38) 50)
66(19(- 25(20 27(- 46))) 88(82 -))
55(15(- 51(39 -)) 97(72(63(62 67) 93(- 95)) -))
55(31(29(- 30) 32(- 49(38 -))) 62(- 77(- 80)))
51(41(36 -) 74(57 95))
74(12(- 14(- 63(18(- 28(27(19 -) 42(- 60))) 68(67 69)))) 91(86 -))
63(42(21 43(- 52(45 -))) 90(77(76 79) 98(95 -)))
67(14(- 46(28(21(- 27) 41) 50(- 60(- 62)))) 97(75(71 76(- 84(82 96))) -))
13(- 95(73(67(40(16 -) -) 85(- 91)) -))
46(43(30(29(27(19(- 20) -) -) 34) -) 78(- 86))
71(17(- 49(34 69)) 97(82 -))
90(33(- 59(45 60)) 95(94 -))
71(13(- 62(40 66)) 74(- 85(78(- 84) -)))
96(73(61(37(- 51) -) 77) -)
63(55(35(13(- 14) 37) 56(- 62)) 79(67(- 72) 85(- 96)))
62(35(15(- 20(- 29(- 31))) 48) 66(- 94(86(84(70 -) 89) -)))
24(23(20 -) 79(45(40 61(- 76(73 -))) -))
31(24(- 27(- 28)) 46(43 68(- 93(76(- 79) -))))
16(13 62(23(19 46(- 52(- 58))) 85(80(- 83) -)))
47(37(19 -) 49(- 82(77 98)))
31(20 69(33(32 42(- 51(- 57(56 -)))) 96(75 -)))
22(10(- 19(18 -)) 39(32(30(25 -) -) 46(- 64(50(49 -) 65(- 87(77(66 83) -))))))
27(26(22(20 -) -) 81(52(51(36(- 41) -) 74(67(58(56 63) -) -)) 83(- 88(84 90(- 97)))))
89(29(14(- 16) 31(- 32)) -)
18(- 31(30(25(- 29) -) 60(57(32(- 51(49 -)) -) 83(64 85))))
74(67(17(12 30(22(19 -) 41(37 51(- 65)))) 69) 99(89(- 92) -))
87(52(18(11(- 12) 30(- 36(- 41))) 63(57 78(- 84))) 93(- 98))
60(42(35(10 -) 49(- 50)) 89(61(- 80(77 -)) 98(90 -)))
18(- 52(26(- 50) 75(- 93)))
22(13(10 -) 69(52(48 56) 90(71(- 74) -)))
24(10(- 21(20(18 -) -)) 25(- 63(29(27 61(30(- 45(- 60)) -)) 68(64 76))))
90(38(- 52(50 61(- 63))) 97)
24(15(11 -) 28(- 33(- 66(36(- 41) 85))))
25(11 27(26 98(33 -)))
17(14(12 15) 93(19(- 60(53(43(35(32(21 34) -) -) 58) 86(71(70 -) -))) 96))
15(14 55(43(38(17 -) 51) 86(79 -)))
19(- 35(22 92(82(58 -) 96(- 99))))
22(10(- 14) 24(- 71(48(27(- 33) -) 79)))
81(29(- 52(- 57)) 88)
56(26(- 29(- 31(30 53(51(34 -) -)))) 80(68(58(57 65(64 -)) 77(76 -)) 81(- 91(- 96))))
23(20(16 -) 68(42(34(- 38) 66(46(- 55) -)) 84))
96(57(53(44(42 51) -) 78(64 79)) 97)
62(45(21 61) 99(68(- 89(74(71 -) 95)) -))
24(15(10(- 12) 18) 63(29(26(- 27) 58(48(30(- 36(- 43)) 53) -)) 99(74(- 86) -)))
