               92                                                          
       82               97                                          
   40       84       19       42                                       
     39       63   37           69                                         
    23       66 76   36         70                                             
                                                                



   49                
 40   96             
17   78               
                



               78                                                          
       21               83                                          
           42               86                                        
         28   47           84   91                                         
        24   46 59           92                                             
                                                                



               40                                                          
       12               75                                          
   11       24       49       94                                      
 17   30   41   61   79       16                                                 
  38 53 65 76     59   73                                                         
                                                                



       48                              
   13       62                        
     31   51   64                        
      79   86                         
                                



               23                                                          
       14               76                                          
   13       15       72       80                                       
 11       64   75   27   65   25   47                                           
  67     41                                                           
                                                                



                               16                                                                                                                  
                                               96                                                                                         
                                       91                                                                                              
                                   71       94                                                                                        
                                 33   75       66                                                                                        
                                  89 55       51 65                                                                                         
                                                                                                                                



               51                                                          
       39               72                                          
   10       44               91                                       
     15       46           77                                            
      19       27                                                     
                                                                



   47                
 41   80               
17 43   22               
                



               64                                                          
       55               96                                          
   23       62       82       98                                      
 22   45   58       67   89   18                                                 
28 48   81 14 20       52                                                         
                                                                



               90                                                          
       44               98                                         
   24       50       94                                                
 15   35       77   34   37                                                   
55 89 33         41   72 31                                                       
                                                                



               30                                                          
       15               60                                          
   12       18       55       72                                       
     14       28   31       68   76                                           
      51       98 49       87   86 94                                             
                                                                



               56                                                          
       53               71                                          
   31       55       68       93                                        
 12   36   76   98       28       49                                         
23                                                                 
                                                                



               93                                                         
       27                                                              
           44                                                        
         41   74                                                     
        64                                                         
                                                                



       18                              
           34                        
         27   59                      
        49 97                         
                                



               45                                                          
       28               49                                          
           38       48       94                                      
         35       65           83                                       
        70       68 80                                                   
                                                                



                                                               22                                                                                                                                                                                                                                  
                                                                                               88                                                                                                                                                                                 
                                                                               27                                                                                                                                                                                          
                                                                       26               52                                                                                                                                                                          
                                                                   46       69       36       50                                                                                                                                                                       
                                                                 58   73       37   48           62                                                                                                                                                                         
                                                                72 78 60                                                                                                                                                                                                 
                                                                                                                                                                                                                                                                



               89                                                         
       34                                                              
   11       57                                                        
 35   88       55                                                       
63     84                                                             
                                                                



               20                                                          
       10               91                                          
           12       84       94                                       
             18   45       93   96                                         
            38 79 31 42     67   29                                               
                                                                



       17                              
   13       75                        
 44   94   40   58                       
80                                 
                                



                               60                                                                                                                  
               46                               74                                                                              
       45               58                               75                                                                    
   13               47                                       90                                                                        
     27               54                                   89   99                                                                       
    25               80                                                                                                               
                                                                                                                                



               80                                                          
       64               85                                          
   37       76       28       60                                     
 74       27   32   24       20                                            
13                                                                 
                                                                



       90                              
   89       98                       
 77       67   85                       
32         40 33                         
                                



       82                              
   73       83                        
 64   76   13   72                        
11 46 71   15                               
                                



               16                                                          
       15               92                                         
   10               72       96                                       
 32   88           17   62   75                                             
52   74           40 59 36   56                                                   
                                                                



   55                
 38   95              
  47 75               
                



               83                                                          
       66               87                                          
   16       80       84       90                                     
 12   62   75       20       67                                              
  54   68 44                                                             
                                                                



                                                               83                                                                                                                                                                                                                                  
                               12                                                               84                                                                                                                                                      
                                               30                                                               91                                                                                                                                              
                                       26               78                                                               99                                                                                                                                     
                                   15               68       81                                                               20                                                                                                                                       
                                 53   72           79           23                                                           36   65                                                                                                                                         
                                69                                                                                                                                                                                                                                 
                                                                                                                                                                                                                                                                



                                                               12                                                                                                                                                                                                                                  
                                                                                               64                                                                                                                                                                                  
                                                                               31                               71                                                                                                                                             
                                                                       28               61               66                                                                                                                                                    
                                                                   26               42               65       68                                                                                                                                                      
                                                                 21               41   50           19   25   37                                                                                                                                                              
                                                                  39                                                                                                                                                                                               
                                                                                                                                                                                                                                                                



       31                              
   23       69                       
 12       37   91                       
81 95                                 
                                



                               92                                                                                                                 
               69                                                                                                                          
       51               76                                                                                                          
   13       57               90                                                                                                       
 10   42   78               17   45                                                                                                          
  87   36 19                                                                                                                             
                                                                                                                                



                                                               96                                                                                                                                                                                                                                 
                               88                                                                                                                                                                                                                                                 
               55                                                                                                                                                                                                                                                          
       10               80                                                                                                                                                                                                                                          
           49       63       85                                                                                                                                                                                                                                       
         35   53       79   14                                                                                                                                                                                                                                           
        71                                                                                                                                                                                                                                                         
                                                                                                                                                                                                                                                                



                               90                                                                                                                  
               45                               93                                                                             
       14                                               99                                                                         
           30                                       94                                                                                
         27   31                                       41                                                                              
        40   34                                                                                                                       
                                                                                                                                



       50                              
   48       64                       
 52   99   51                           
75   74 90 88                               
                                



       40                              
   32       67                       
 17           95                     
83           70                       
                                



                                                               97                                                                                                                                                                                                                                 
                               34                                                                                                                                                                                                                                                  
               12                               36                                                                                                                                                                                                              
                       25                               79                                                                                                                                                                                                          
                   24       26                       61       90                                                                                                                                                                                                       
                 20       51   72                   82   91   37   54                                                                                                                                                                                                          
                80       53                                                                                                                                                                                                                                           
                                                                                                                                                                                                                                                                



       98                             
   30                                
 15   70                              
65 85                                 
                                



               66                                                          
       54               93                                          
   53       60       87       96                                       
 20       70   90   94   98   16   21                                            
  17       38 26                                                         
                                                                



                               78                                                                                                                 
               36                                                                                                                          
       22               44                                                                                                          
   10       28               63                                                                                                       
     13   23               61   71                                                                                                       
    11                                                                                                                             
                                                                                                                                



               83                                                         
       37                                                              
   13       60                                                        
     19   43   70                                                        
      30   59                                                         
                                                                



               16                                                          
                       90                                              
                   83       95                                       
                 75   84   92                                            
                24 81 22 46 78                                                 
                                                                



               39                                                          
       15               77                                          
   13       16       58       79                                       
     20   54   71       92   61                                            
    91   81                                                           
                                                                



                               84                                                                                                                 
               18                                                                                                                          
       10               77                                                                                                         
           13       52                                                                                                               
         44   63   43                                                                                                                   
        61 71                                                                                                                         
                                                                                                                                



   74                
 62   77               
22 73   32               
                



       23                              
   14       68                        
     90   87   91                      
    77                             
                                



               27                                                          
                       58                                              
                   45       60                                        
                 37   54       73                                       
                68 92 67       74                                           
                                                                



       92                              
   38       97                        
     47       89                     
    57                             
                                



       54                              
   40       66                        
 28   49   58   86                          
22     51 21 23   27                           
                                



               26                                                          
       15               71                                         
   13               39       93                                        
 27   42               99       28                                        
  51 45                                                               
                                                                



   80                
 65   85              
41 73                 
                



               99                                                         
       58                                                              
   47       94                                                        
 36   57   74   98                                                        
34     92 96   78                                                           
                                                                



                               67                                                                                                                  
               51                               98                                                                             
       44               58               93                                                                                      
   39       45               61       84       96                                                                                       
 14           62               86       29       92                                                                                          
  37         30                 32                                                                                                       
                                                                                                                                



                               83                                                                                                                 
               18                                                                                                                          
       13               37                                                                                                          
   11       17       22       44                                                                                                        
     27       53       28       81                                                                                                          
      31     72       58 79       65                                                                                                           
                                                                                                                                



               53                                                          
       27               60                                          
   15       46       59       88                                       
     17   35   50   56       65   95                                             
    33 36   70   96 68 82                                                         
                                                                



   17                
 12   30              
25 80                 
                



                               93                                                                                                                  
               46                               96                                                                              
       28               52               20               40                                                                 
           72               27       38               53       84                                                                       
             54           74           58               79       65                                                                         
              83                                                                                                                   
                                                                                                                                



   46                
 37   50              
12 38                 
                



       66                              
   19       88                       
     25   82                           
    20 27   46                           
                                



               55                                                          
       15               97                                         
           51       72                                               
         39       63   93                                                
        62 67       95                                                   
                                                                



               55                                                          
       31               62                                          
   29       32               77                                        
     30       49               80                                      
    38                                                             
                                                                



   51                
 41   74              
36   57 95               
                



                               74                                                                                                                  
               12                               91                                                                             
                       14               86                                                                                          
                           63       18       68                                                                                        
                             28   67   69   27   42                                                                                         
                            19     60                                                                                                 
                                                                                                                                



       63                              
   42       90                        
 21   43   77   98                         
  52 76 79 95   45                             
                                



                               67                                                                                                                  
               14                               97                                                                             
                       46               75                                                                                          
                   28       50       71       76                                                                                        
                 21   41       60       84       27                                                                                          
                  62 82 96                                                                                                               
                                                                                                                                



                               13                                                                                                                  
                                               95                                                                                         
                                       73                                                                                              
                                   67       85                                                                                       
                                 40           91                                                                                     
                                16                                                                                                 
                                                                                                                                



               46                                                          
       43               78                                         
   30                       86                                       
 29   34                   27                                           
19     20                                                             
                                                                



       71                              
   17       97                       
     49   82                          
    34 69                             
                                



       90                              
   33       95                       
     59   94                          
    45 60                             
                                



               71                                                          
       13               74                                          
           62               85                                       
         40   66           78                                           
          84                                                       
                                                                



       96                             
   73                                
 61   77                              
37     51                             
                                



               63                                                          
       55               79                                          
   35       56       67       85                                        
 13   37       62       72       96                                         
  14                                                               
                                                                



               62                                                          
       35               66                                          
   15       48               94                                       
     20   86                   29                                        
    84 89   31                 70                                           
                                                                



               24                                                          
       23               79                                        
   20               45                                                
 40   61               76                                              
73                                                                 
                                                                



               31                                                          
       24               46                                          
           27       43       68                                       
             28       93   76                                           
              79                                                   
                                                                



       16                              
   13       62                        
 23   85   19   46                          
80     52   83   58                         
                                



       47                              
   37       49                       
 19           82                      
77 98                                 
                                



       31                              
   20       69                        
 33   96   32   42                         
75     51   57 56                           
                                



                               22                                                                                                                  
               10                               39                                                                              
                       19               32               46                                                                    
                   18               30                       64                                                                      
                 25               50   65                   49                                                                             
                  87             77   66 83                                                                                                 
                                                                                                                                



                               27                                                                                                                  
               26                               81                                                                             
       22                               52               83                                                                     
   20                               51       74               88                                                                      
 36                               67       84   90               41                                                                          
58                                 97     56 63                                                                                             
                                                                                                                                



       89                             
   29                                
 14   31                               
  16   32                             
                                



                               18                                                                                                                  
                                               31                                                                                          
                                       30               60                                                                         
                                   25               57       83                                                                       
                                     29           32       64   85                                                                        
                                      51         49                                                                                   
                                                                                                                                



               74                                                          
       67               99                                         
   17       69       89                                                
 12   30       92   22   41                                                  
19   37 51       65                                                         
                                                                



               87                                                          
       52               93                                          
   18       63               98                                        
 11   30   57   78               12                                           
  36   84   41                                                           
                                                                



               60                                                          
       42               89                                          
   35       49       61       98                                      
 10           50       80   90                                           
77                                                                 
                                                                



       18                              
           52                        
         26   75                       
          50   93                     
                                



       22                              
   13       69                       
 10       52   90                        
48 56     71     74                         
                                



                               24                                                                                                                  
               10                               25                                                                              
                       21                               63                                                                         
                   20                               29       68                                                                       
                 18                               27   61   64   76                                                                          
                30                                 45   60                                                                               
                                                                                                                                



       90                              
   38       97                        
     52   50   61                       
      63                           
                                



               24                                                          
       15               28                                         
   11                       33                                        
     66                   36   85                                       
      41                                                           
                                                                



   25                
 11   27              
26 98 33                 
                



               17                                                          
       14               93                                          
   12       15       19       96                                       
     60   53   86   43   58   71                                              
    35   70   32   21 34                                                       
                                                                



       15                              
   14       55                        
 43   86   38   51                       
79   17                               
                                



               19                                                          
                       35                                              
                   22       92                                       
                 82   96   58                                           
                  99                                               
                                                                



               22                                                          
       10               24                                          
           14               71                                       
         48   79           27                                           
          33                                                       
                                                                



   81                
 29   88               
  52   57             
                



                               56                                                                                                                  
               26                               80                                                                              
                       29               68               81                                                                      
                           31       58       77               91                                                                       
                         30   53   57   65   76                   96                                                                         
                        51   64   34                                                                                                     
                                                                                                                                



               23                                                          
       20               68                                         
   16               42       84                                       
 34   66               38   46                                            
  55                                                               
                                                                



       96                              
   57       97                       
 53   78   44                            
64 79 42 51                                 
                                



       62                              
   45       99                       
 21   61   68                            
  89 74 95 71                               
                                



               24                                                          
       15               63                                          
   10       18       29       99                                       
     12   26   58   74           27                                            
    48     86 30 53   36           43                                             
                                                                



