92 82 40 19 42 63 69 39 37 84 23 76 97 70 66 36
49 40 96 78 17
78 21 83 42 86 28 47 91 24 92 84 59 46
40 12 24 17 75 94 79 49 30 61 38 53 11 16 65 59 41 76 73
48 62 64 79 86 13 51 31
23 76 72 80 64 14 27 65 47 25 75 13 67 41 11 15
16 96 91 71 33 66 94 55 75 65 51 89
51 39 72 10 15 44 46 19 91 77 27
47 80 41 17 43 22
64 55 23 22 45 96 62 82 67 48 28 18 58 14 20 81 89 98 52
90 44 50 24 98 15 77 35 34 55 37 72 33 41 31 94 89
30 15 18 60 12 72 76 28 55 31 98 51 87 14 49 86 68 94
56 53 31 71 55 12 28 36 49 93 68 76 23 98
93 27 44 41 74 64
18 34 59 97 27 49
45 49 28 38 48 94 65 83 70 80 35 68
22 88 27 26 52 69 46 50 36 73 58 72 78 37 62 48 60
89 34 57 88 35 63 55 84 11
20 91 84 45 94 38 10 96 42 12 31 93 79 67 29 18
17 75 44 58 40 94 13 80
60 46 58 45 74 75 47 13 54 90 89 27 25 80 99
80 64 37 76 85 28 74 27 32 60 24 20 13
90 89 77 67 32 40 33 98 85
82 73 64 83 13 46 72 11 76 71 15
16 92 15 72 32 17 62 52 96 59 88 40 56 10 75 36 74
55 95 38 75 47
83 66 80 16 87 90 84 12 75 62 67 20 68 54 44
83 12 30 78 26 81 68 79 15 53 72 36 84 20 91 99 23 69 65
12 64 31 61 71 66 28 42 65 26 50 41 21 19 37 25 68 39
31 69 91 81 37 23 12 95
92 69 76 51 13 42 90 17 10 36 57 78 45 87 19
96 88 55 80 10 49 63 35 53 85 14 79 71
90 45 93 99 14 30 94 31 41 27 40 34
50 64 99 52 48 75 51 90 74 88
40 67 95 32 17 83 70
97 34 36 12 25 79 61 51 54 24 90 82 53 72 26 91 20 37 80
98 30 70 65 15 85
66 93 54 53 20 87 21 60 96 90 94 38 16 98 70 17 26
78 36 44 22 10 13 63 28 11 61 71 23
83 37 60 13 19 70 43 30 59
16 90 83 84 95 75 81 92 24 46 78 22
39 77 79 15 58 92 54 91 81 16 71 13 61 20
84 18 77 52 63 71 44 61 10 43 13
74 77 62 73 22 32
23 68 90 14 91 87 77
27 58 60 45 73 92 68 67 37 54 74
92 38 47 89 97 57
54 40 28 22 66 86 21 23 58 27 49 51
26 71 93 39 99 42 51 15 27 45 13 28
80 65 41 73 85
99 58 94 98 47 74 92 36 34 57 96 78
67 51 44 39 14 58 61 98 45 62 93 84 96 29 86 92 37 30 32
83 18 37 22 13 17 27 44 11 28 53 81 72 31 58 79 65
53 27 60 46 15 88 35 50 65 95 70 59 33 36 56 17 96 68 82
17 30 80 25 12
93 46 52 72 96 84 28 53 20 74 54 40 58 38 79 65 27 83
46 37 12 50 38
66 19 25 20 88 27 82 46
55 15 97 72 63 62 51 93 95 67 39
55 62 31 32 29 49 38 77 80 30
51 74 57 95 41 36
74 12 14 91 63 18 86 28 27 68 67 19 69 42 60
63 42 90 21 43 98 52 77 45 95 79 76
67 97 75 76 14 46 28 84 50 82 96 71 60 21 62 41 27
13 95 73 67 85 91 40 16
46 43 30 78 29 27 19 20 34 86
71 17 49 97 69 82 34
90 95 33 59 94 45 60
71 13 62 66 74 85 78 40 84
96 73 61 77 37 51
63 79 55 67 85 35 37 13 72 96 56 62 14
62 66 35 94 86 48 15 84 20 70 29 89 31
24 79 23 45 20 61 40 76 73
31 46 68 24 27 28 93 76 43 79
16 62 23 46 52 58 85 19 13 80 83
47 49 82 37 19 98 77
31 69 33 42 51 20 57 32 96 56 75
22 39 10 32 46 64 50 30 19 65 87 49 77 25 83 18 66
27 81 52 26 51 83 88 74 90 84 36 67 22 58 97 63 41 56 20
89 29 31 14 32 16
18 31 30 60 25 83 57 32 29 64 51 85 49
74 67 17 30 69 22 99 41 51 37 12 65 89 92 19
87 52 63 78 18 84 11 93 12 30 36 98 41 57
60 42 89 35 49 61 98 80 10 77 50 90
18 52 26 75 50 93
22 69 13 52 90 56 10 48 71 74
24 10 25 63 29 21 68 20 61 64 30 45 18 76 27 60
90 97 38 52 61 50 63
24 28 33 66 36 15 41 85 11
25 27 98 26 33 11
17 93 14 19 12 60 15 53 86 43 96 35 32 58 34 71 70 21
15 55 43 86 14 51 79 38 17
19 35 92 96 22 82 99 58
22 24 71 48 27 10 33 79 14
81 29 52 57 88
56 80 68 26 81 29 31 91 58 53 57 65 77 30 64 51 76 34 96
23 68 20 42 66 34 46 38 55 84 16
96 57 78 53 44 64 97 42 79 51
62 99 68 89 45 74 61 95 21 71
24 63 29 26 58 48 27 15 30 10 12 99 53 36 18 74 43 86
